3232235777	3232235778	65535	5729	17	4294967295	1
3232235777	3232235778	65535	5729	17	4294967295	1
3232235776	3232235776	65535	5729	17	4294967295	1
3232235776	3232235776	65535	5729	17	4294967295	1
3232235776	3232235776	65535	5729	17	4294967295	1
3232235776	3232235776	65535	5729	17	4294967295	1
3232235520	3232235520	65535	5729	17	4294967295	1
3232235520	3232235520	65535	5729	17	4294967295	1
3232235520	3232235520	65535	5729	17	4294967295	1
3232235520	3232235520	65535	5729	17	4294967295	1
3232235520	3232235520	65535	5729	17	4294967295	1
3232235520	3232235520	65535	5729	17	4294967295	1
3221225472	3221225472	65535	5729	17	4294967295	1
3221225472	3221225472	65535	5729	17	4294967295	1
3221225472	3221225472	65535	5729	17	4294967295	1
3221225472	3221225472	65535	5729	17	4294967295	1
3221225472	3221225472	65535	5729	17	4294967295	1
3221225472	3221225472	65535	5729	17	4294967295	1
3221225472	3221225472	65535	5729	17	4294967295	1
3221225472	3221225472	65535	5729	17	4294967295	1
3221225472	3221225472	65535	5729	17	4294967295	1
3221225472	3221225472	65535	5729	17	4294967295	1
3249012993	3249012994	65535	5729	17	4294967295	1
3249012992	3249012992	65535	5729	17	4294967295	1
3249012992	3249012992	65535	5729	17	4294967295	1
3249012992	3249012992	65535	5729	17	4294967295	1
3249012992	3249012992	65535	5729	17	4294967295	1
3249012736	3249012736	65535	5729	17	4294967295	1
3249012736	3249012736	65535	5729	17	4294967295	1
3249012736	3249012736	65535	5729	17	4294967295	1
3249012736	3249012736	65535	5729	17	4294967295	1
3249012736	3249012736	65535	5729	17	4294967295	1
3249012736	3249012736	65535	5729	17	4294967295	1
3249012736	3249012736	65535	5729	17	4294967295	1
3249012736	3249012736	65535	5729	17	4294967295	1
3249012736	3249012736	65535	5729	17	4294967295	1
3249012736	3249012736	65535	5729	17	4294967295	1
3249012736	3249012736	65535	5729	17	4294967295	1
3249012736	3249012736	65535	5729	17	4294967295	1
3265790209	3265790210	65535	5729	17	4294967295	1
3265790209	3265790210	65535	5729	17	4294967295	1
3265790208	3265790208	65535	5729	17	4294967295	1
3265790208	3265790208	65535	5729	17	4294967295	1
3265790208	3265790208	65535	5729	17	4294967295	1
3265790208	3265790208	65535	5729	17	4294967295	1
